# idx t phi1 phi3 phi4
0 0.000000000000 0.000000000000 0.000000000000 0.000000000000
1 0.000000100000 10.008493412164 98.149809442399 -1.850190557601
2 0.000000200000 19.977708145438 100.079906516845 0.079906516845
3 0.000000300000 29.916529513671 100.127590069533 0.127590069533
4 0.000000400000 39.815436823841 100.137452193462 0.137452193462
5 0.000000600000 59.375406023440 100.154642025863 0.154642025863
6 0.000000800000 78.620571100459 100.170733934786 0.170733934786
7 0.000001000000 97.475535050110 100.185683293132 0.185683293132
8 0.000001025000 99.826161781945 100.187533997200 0.187533997200
9 0.000001031250 100.413425934115 100.187999346642 0.187999346642
10 0.000001034375 100.706945958817 100.231854565949 0.231854565949
11 0.000001035937 100.853664452675 100.339989073921 0.339989073921
12 0.000001039063 101.146918491901 100.609340116191 0.609340116191
13 0.000001045312 101.732680845737 101.166670248933 1.166670248933
14 0.000001057813 102.901187404854 102.294924251176 2.294924251176
15 0.000001082813 105.225969678373 104.556612894459 4.556612894459
16 0.000001132813 109.825617997869 109.048577503090 9.048577503090
17 0.000001232812 118.818108027587 117.847427627644 17.847427627644
18 0.000001332812 127.597033356107 126.444194411847 26.444194411847
19 0.000001432812 136.155961859504 134.828280738263 34.828280738263
20 0.000001532812 144.488761172870 142.992323623970 42.992323623970
21 0.000001632812 152.589594149442 150.929997888467 50.929997888467
22 0.000001732812 160.452918703467 158.635548272875 58.635548272875
23 0.000001832812 168.073488855255 166.103639610961 66.103639610961
24 0.000001932812 175.446356081835 173.329296523716 73.329296523716
25 0.000002032812 182.566870644194 180.307875881267 80.307875881267
26 0.000002132812 189.430682753541 187.035052907185 87.035052907185
27 0.000002232812 196.033743512159 193.506813628825 93.506813628825
28 0.000002332812 202.372305596705 199.719450476365 99.719450476365
29 0.000002432812 208.442923667377 205.669559497065 105.669559497065
30 0.000002532812 214.242454494579 211.354038394526 111.354038394526
31 0.000002632812 219.768056799312 216.770084961538 116.770084961538
32 0.000002732812 225.017190806256 221.915195659799 121.915195659799
33 0.000002832812 229.987617510288 226.787164200004 126.787164200004
34 0.000002932812 234.677397658333 231.384080032809 131.384080032809
35 0.000003032812 239.084890449309 235.704326694852 135.704326694852
36 0.000003132812 243.208751955532 239.746579974637 139.746579974637
37 0.000003232812 247.047933269469 243.509805876170 143.509805876170
38 0.000003332812 250.601678380122 246.993258366656 146.993258366656
39 0.000003432812 253.869521783654 250.196476900298 150.196476900298
40 0.000003532812 256.851285833215 253.119283714084 153.119283714084
41 0.000003632812 259.547077833143 255.761780894173 155.761780894173
42 0.000003732812 261.957286882994 258.124347213481 158.124347213481
43 0.000003832812 264.082580477078 260.207634742468 160.207634742468
44 0.000003932812 265.923900865360 262.012565236226 162.012565236226
45 0.000004032812 267.482461181804 263.540326301809 163.540326301809
46 0.000004132812 268.759741346415 264.792367350376 164.792367350376
47 0.000004232812 269.757483747391 265.770395339249 165.770395339249
48 0.000004332812 270.477688709955 266.476370309409 166.476370309409
49 0.000004432812 270.922609758611 266.912500724321 166.912500724321
50 0.000004532812 271.094748679669 267.081238616243 167.081238616243
51 0.000004632812 270.996850391033 266.985274546472 166.985274546472
52 0.000004732812 270.631897626374 266.627532386155 166.627532386155
53 0.000004832812 270.003105440890 266.011163924534 166.011163924534
54 0.000004932812 269.113915545989 265.139543311629 165.139543311629
55 0.000005032812 267.967990480299 264.016261342543 164.016261342543
56 0.000005132812 266.569207624502 262.645119590705 162.645119590705
57 0.000005232812 264.921653067571 261.030124397506 161.030124397506
58 0.000005332812 263.029615332023 259.175480725905 159.175480725905
59 0.000005432812 260.897578965911 257.085585885704 157.085585885704
60 0.000005532812 258.530218009264 254.765023138317 154.765023138317
61 0.000005632812 255.932389342767 252.218555188972 152.218555188972
62 0.000005732812 253.109125926490 249.451117574432 149.451117574432
63 0.000005832812 250.065629936475 246.467811954467 146.467811954467
64 0.000005932812 246.807265807044 243.273899315465 143.273899315465
65 0.000006032812 243.339553186632 239.874793094813 139.874793094813
66 0.000006132812 239.668159815005 236.276052234905 136.276052234905
67 0.000006232812 235.798894329636 232.483374175999 132.483374175999
68 0.000006332812 231.737699009044 228.502587797575 128.502587797575
69 0.000006432812 227.490642460781 224.339646318445 124.339646318445
70 0.000006532812 223.063912261774 220.000620166706 120.000620166706
71 0.000006632812 218.463807558559 215.491689831751 115.491689831751
72 0.000006732812 213.696731634903 210.819138712213 110.819138712213
73 0.000006832812 208.769184454156 205.989345976041 105.989345976041
74 0.000006932812 203.687755183461 201.008779452391 101.008779452391
75 0.000007032812 198.459114706782 195.883988580132 95.883988580132
76 0.000007132812 193.090008133315 190.621597445680 90.621597445680
77 0.000007232812 187.587247307445 185.228297955103 85.228297955103
78 0.000007332812 181.957703325750 179.710843205114 79.710843205114
79 0.000007432812 176.208299065541 174.076041149932 74.076041149932
80 0.000007532812 170.346001727942 168.330748716165 68.330748716165
81 0.000007632812 164.377815395953 162.481866615551 62.481866615551
82 0.000007732812 158.310773603652 156.536335286364 56.536335286364
83 0.000007932812 145.837783147627 144.314122228002 44.314122228002
84 0.000008132812 133.082399755748 131.817289069551 31.817289069551
85 0.000008332812 120.100892078871 119.103324903694 19.103324903694
86 0.000008532812 106.948900384533 106.237745699864 6.237745699864
87 0.000008582812 103.651063257882 103.023033150086 3.023033150086
88 0.000008632812 100.343293376615 99.992419404614 -0.007580595386
89 0.000008639062 99.929490599133 99.898327807368 -0.101672192632
90 0.000008645312 99.515313801465 99.874789391355 -0.125210608645
91 0.000008657812 98.685427649652 99.867266728822 -0.132733271178
92 0.000008682812 97.019599421584 99.864146519783 -0.135853480217
93 0.000008732812 93.664548643153 99.859783546594 -0.140216453406
94 0.000008832812 86.867664700329 99.851255672685 -0.148744327315
95 0.000009032812 72.982303339635 99.834468757139 -0.165531242861
96 0.000009232812 58.861823848069 99.818010531096 -0.181989468904
97 0.000009432812 44.563412015558 99.801945175241 -0.198054824759
98 0.000009632812 30.144733450596 99.786335107680 -0.213664892320
99 0.000009832812 15.663701966248 99.771240683749 -0.228759316251
100 0.000010232812 -13.087848091959 99.743557158295 -0.256442841705
101 0.000010432812 -27.353944088609 99.730394353315 -0.269605646685
102 0.000010632812 -41.453975500553 99.717960218136 -0.282039781864
103 0.000010832812 -55.332443959563 99.706301363378 -0.293698636622
104 0.000011032812 -68.934955790643 99.695461124983 -0.304538875017
105 0.000011232812 -82.208434250316 99.685479404707 -0.314520595293
106 0.000011432812 -95.101325669715 99.676392524935 -0.323607475065
107 0.000011532812 -101.446281943296 99.672077107452 -0.327922892548
108 0.000011632812 -107.683513869859 99.667993792554 -0.332006207446
109 0.000011732812 -113.806900422318 99.664146424484 -0.335853575516
110 0.000011832812 -119.810440456156 99.660538607944 -0.339461392056
111 0.000011932812 -125.688258582380 99.657173704740 -0.342826295260
112 0.000012032812 -131.434610908953 99.654054830663 -0.345945169337
113 0.000012132812 -137.043890645102 99.651184852634 -0.348815147366
114 0.000012232812 -142.510633563022 99.648566386082 -0.351433613918
115 0.000012332812 -147.829523311695 99.646201792594 -0.353798207406
116 0.000012432812 -152.995396577642 99.644093177804 -0.355906822196
117 0.000012532812 -158.003248087620 99.642242389556 -0.357757610444
118 0.000012632812 -162.848235448417 99.640651016313 -0.359348983687
119 0.000012732813 -167.525683819090 99.639320385836 -0.360679614164
120 0.000012832813 -172.031090411134 99.638251564116 -0.361748435884
121 0.000012932813 -176.360128812271 99.637445354578 -0.362554645422
122 0.000013032813 -180.508653129708 99.636902297542 -0.363097702458
123 0.000013132813 -184.472701948920 99.636622669946 -0.363377330054
124 0.000013232813 -188.248502104182 99.636606485341 -0.363393514659
125 0.000013332813 -191.832472257274 99.636853494137 -0.363146505863
126 0.000013432813 -195.221226280985 99.637363184121 -0.362636815879
127 0.000013532813 -198.411576444224 99.638134781233 -0.361865218767
128 0.000013632813 -201.400536395760 99.639167250603 -0.360832749397
129 0.000013732813 -204.185323943824 99.640459297847 -0.359540702153
130 0.000013832813 -206.763363628988 99.642009370625 -0.357990629375
131 0.000013932813 -209.132289087962 99.643815660447 -0.356184339553
132 0.000014032813 -211.289945206172 99.645876104739 -0.354123895261
133 0.000014132813 -213.234390057170 99.648188389164 -0.351811610836
134 0.000014232813 -214.963896627150 99.650749950179 -0.349250049821
135 0.000014332813 -216.476954323085 99.653557977856 -0.346442022144
136 0.000014432813 -217.772270263166 99.656609418930 -0.343390581070
137 0.000014532813 -218.848770348511 99.659900980097 -0.340099019903
138 0.000014632813 -219.705600115256 99.663429131546 -0.336570868454
139 0.000014732813 -220.342125366425 99.667190110722 -0.332809889278
140 0.000014832813 -220.757932583168 99.671179926319 -0.328820073681
141 0.000014932813 -220.952829115157 99.675394362497 -0.324605637503
142 0.000015032813 -220.926843150204 99.679828983321 -0.320171016679
143 0.000015132813 -220.680223463328 99.684479137411 -0.315520862589
144 0.000015232813 -220.213438945761 99.689339962805 -0.310660037195
145 0.000015332813 -219.527177914572 99.694406392033 -0.305593607967
146 0.000015432813 -218.622347203832 99.699673157377 -0.300326842623
147 0.000015532813 -217.500071038443 99.705134796342 -0.294865203658
148 0.000015632813 -216.161689691972 99.710785657303 -0.289214342697
149 0.000015732813 -214.608757930051 99.716619905345 -0.283380094655
150 0.000015832813 -212.843043241119 99.722631528271 -0.277368471729
151 0.000015932813 -210.866523856475 99.728814342791 -0.271185657209
152 0.000016032813 -208.681386561850 99.735162000865 -0.264837999135
153 0.000016132813 -206.290024302876 99.741667996215 -0.258332003785
154 0.000016232813 -203.695033587062 99.748325670980 -0.251674329020
155 0.000016332813 -200.899211685079 99.755128222516 -0.244871777484
156 0.000016432813 -197.905553634339 99.762068710344 -0.237931289656
157 0.000016532813 -194.717249048080 99.769140063214 -0.230859936786
158 0.000016632813 -191.337678733319 99.776335086303 -0.223664913697
159 0.000016732813 -187.770411121259 99.783646468525 -0.216353531475
160 0.000016832813 -184.019198513899 99.791066789950 -0.208933210050
161 0.000016932813 -180.087973150782 99.798588529328 -0.201411470672
162 0.000017032813 -175.980843099988 99.806204071698 -0.193795928302
163 0.000017132813 -171.702087977661 99.813905716093 -0.186094283907
164 0.000017232812 -167.256154500506 99.821685683314 -0.178314316686
165 0.000017332812 -162.647651875880 99.829536123785 -0.170463876215
166 0.000017432812 -157.881347034236 99.837449125457 -0.162550874543
167 0.000017532812 -152.962159708846 99.845416721778 -0.154583278222
168 0.000017632812 -147.895157367868 99.853430899704 -0.146569100296
169 0.000017732812 -142.685550003966 99.861483607750 -0.138516392250
170 0.000017832812 -137.338684786841 99.869566764067 -0.130433235933
171 0.000017932812 -131.860040584136 99.877672264550 -0.122327735450
172 0.000018032812 -126.255222356339 99.885791990950 -0.114208009050
173 0.000018132812 -120.529955431391 99.893917819000 -0.106082181000
174 0.000018232812 -114.690079664854 99.902041626533 -0.097958373467
175 0.000018332812 -108.741543491575 99.910155301595 -0.089844698405
176 0.000018432812 -102.690397874911 99.918250750534 -0.081749249466
177 0.000018532812 -96.542790159643 99.926319906069 -0.073680093931
178 0.000018732812 -83.912245134100 99.942289182535 -0.057710817465
179 0.000018932812 -70.998022763698 99.958026492358 -0.041973507642
180 0.000019132812 -57.852698471152 99.973470079386 -0.026529920614
181 0.000019332812 -44.529557738158 99.988559604637 -0.011440395363
182 0.000019532812 -31.082381016625 100.003236380972 0.003236380972
183 0.000019732812 -17.565227529360 100.017443600235 0.017443600235
184 0.000020132812 9.318931796839 100.043562089799 0.043562089799
185 0.000020332812 22.670082419505 100.055997627581 0.055997627581
186 0.000020532812 35.877487795103 100.067762421978 0.067762421978
187 0.000020732812 48.889115710366 100.078812296599 0.078812296599
188 0.000020932813 61.653922061325 100.089106099559 0.089106099559
189 0.000021132813 74.122050216305 100.098605855285 0.098605855285
190 0.000021332813 86.245024850925 100.107276903069 0.107276903069
191 0.000021532813 97.975939505148 100.115088021853 0.115088021853
192 0.000021557813 99.436086674276 100.116050915176 0.116050915176
193 0.000021570313 100.164594589462 100.116528985229 0.116528985229
194 0.000021576563 100.528452979665 100.121133977271 0.121133977271
195 0.000021579688 100.710254518616 100.214914113309 0.214914113309
196 0.000021582813 100.891908334742 100.372339942797 0.372339942797
197 0.000021589063 101.254608968914 100.710695562168 0.710695562168
198 0.000021601563 101.977552724845 101.401986083245 1.401986083245
199 0.000021626563 103.413501422238 102.792174336253 2.792174336253
200 0.000021676563 106.245045072756 105.550670935714 5.550670935714
201 0.000021776563 111.742664083315 110.923233575280 10.923233575281
202 0.000021876563 117.071072207703 116.137214971503 16.137214971503
203 0.000021976563 122.226776809529 121.184889546810 21.184889546810
204 0.000022076563 127.206506834659 126.061696533008 26.061696533008
205 0.000022176563 132.007206256761 130.764036210018 30.764036210018
206 0.000022276563 136.626032019554 135.288798939007 35.288798939007
207 0.000022376562 141.060353286341 139.633213210972 39.633213210972
208 0.000022476562 145.307751098716 143.794783542386 43.794783542386
209 0.000022576562 149.366018115203 147.771261319517 47.771261319517
210 0.000022676562 153.233158292417 151.560629417650 51.560629417650
211 0.000022776562 156.907386444542 155.161093282080 55.161093282080
212 0.000022876562 160.387127649173 158.571075266628 58.571075266628
213 0.000022976562 163.671016483056 161.789210693080 61.789210693080
214 0.000023076562 166.757896079392 164.814344839756 64.814344839756
215 0.000023176562 169.646817002854 167.645530426939 67.645530426939
216 0.000023276562 172.337035941127 170.282025351800 70.282025351800
217 0.000023376562 174.828014213445 172.723290525845 72.723290525845
218 0.000023476562 177.119416097675 174.968987724885 74.968987724885
219 0.000023576562 179.211106978224 177.018977395183 77.018977395183
220 0.000023676562 181.103151317608 178.873316380018 78.873316380018
221 0.000023776562 182.795810454897 180.532255543898 80.532255543898
222 0.000023876562 184.289540234591 181.996237280034 81.996237280034
223 0.000023976562 185.584988469692 183.265892892302 83.265892892302
224 0.000024076562 186.682992243006 184.342039846727 84.342039846727
225 0.000024176562 187.584575050834 185.225678890178 85.225678890178
226 0.000024276562 188.290943793413 185.917991035832 85.917991035832
227 0.000024376562 188.803485616569 186.420334416373 86.420334416373
228 0.000024476562 189.123764609212 186.734241006874 86.734241006874
229 0.000024576562 189.253518361360 186.861413220124 86.861413220124
230 0.000024676562 189.194654387545 186.803720377736 86.803720377736
231 0.000024776562 188.949246420478 186.563195060864 86.563195060864
232 0.000024876562 188.519530579992 186.142029344776 86.142029344776
233 0.000024976562 187.907901422313 185.542570921840 85.542570921840
234 0.000025076562 187.116907874800 184.767319117802 84.767319117802
235 0.000025176562 186.149249061338 183.818920806533 83.818920806533
236 0.000025276562 185.007770023631 182.700166228672 82.700166228672
237 0.000025376562 183.695457343667 181.413984719928 81.413984719928
238 0.000025476562 182.215434672680 179.963440355109 79.963440355109
239 0.000025576562 180.570958171928 178.351727514342 78.351727514342
240 0.000025676562 178.765411870664 176.582166378421 76.582166378421
241 0.000025776562 176.802302946630 174.658198360847 74.658198360847
242 0.000025876562 174.685256934421 172.583381484871 72.583381484871
243 0.000025976562 172.418012867043 170.361385715003 70.361385715003
244 0.000026076562 170.004418355921 167.995988253872 67.995988253872
245 0.000026176562 167.448424614549 165.491068817497 65.491068817497
246 0.000026276562 164.754081430870 162.850604905036 62.850604905036
247 0.000026376562 161.925532093311 160.078667083628 60.078667083628
248 0.000026476562 158.967008275157 157.179414315679 57.179414315679
249 0.000026576562 155.882824881614 154.157089366437 54.157089366437
250 0.000026676562 152.677374863409 151.016014346244 51.016014346244
251 0.000026776562 149.355123999980 147.760586468751 47.760586468751
252 0.000026876562 145.920605654067 144.395274151653 44.395274151653
253 0.000026976562 142.378415497519 140.924613665404 40.924613665404
254 0.000027076562 138.733206204631 137.353206678940 37.353206678940
255 0.000027176562 134.989682103169 133.685719326089 33.685719326089
256 0.000027376562 127.147676070590 126.004075594678 26.004075594678
257 0.000027576562 118.989489403764 118.015209426260 18.015209426260
258 0.000027776562 110.554171997845 109.760911981385 9.760911981385
259 0.000027976562 101.880382886353 101.308420682688 1.308420682688
260 0.000028001562 100.792428807666 100.280785862839 0.280785862839
261 0.000028014062 100.247280513274 99.964698895372 -0.035301104628
262 0.000028026562 99.700630685535 99.919667689073 -0.080332310927
263 0.000028039062 99.152440344716 99.912672649216 -0.087327350784
264 0.000028064062 98.049937854974 99.910147444026 -0.089852555974
265 0.000028114062 95.820993908901 99.906891066386 -0.093108933614
266 0.000028214062 91.271897815757 99.900521384648 -0.099478615352
267 0.000028414062 81.846573022874 99.887837109845 -0.112162890155
268 0.000028614062 72.132968049538 99.875252522534 -0.124747477466
269 0.000028814062 62.170928068520 99.862817292961 -0.137182707039
270 0.000029014062 52.001128313018 99.850580354568 -0.149419645432
271 0.000029214062 41.664908736548 99.838589655652 -0.161410344348
272 0.000029414062 31.204106687008 99.826891971756 -0.173108028244
273 0.000029614062 20.660888269345 99.815532724041 -0.184467275959
274 0.000030014062 -0.418019122796 99.794504293533 -0.205495706467
275 0.000030414062 -21.157642870503 99.775470330863 -0.224529669137
276 0.000030614062 -31.401668421621 99.766487878446 -0.233512121554
277 0.000030814062 -41.479607258019 99.758073594013 -0.241926405987
278 0.000031014062 -51.351981869435 99.750258718850 -0.249741281150
279 0.000031214062 -60.980291579788 99.743071981615 -0.256928018385
280 0.000031414062 -70.327161992419 99.736539493971 -0.263460506029
281 0.000031614062 -79.356489350907 99.730684657051 -0.269315342949
282 0.000031814062 -88.033579260793 99.725528079095 -0.274471920905
283 0.000032014062 -96.325279242219 99.721087504549 -0.278912495451
284 0.000032114062 -100.370738102336 99.719048255163 -0.280951744837
285 0.000032214062 -104.311866532347 99.717191897821 -0.282808102179
286 0.000032314062 -108.144833410990 99.715520102144 -0.284479897856
287 0.000032414062 -111.865919512617 99.714034351725 -0.285965648275
288 0.000032514062 -115.471521109045 99.712735942842 -0.287264057158
289 0.000032614062 -118.958153452427 99.711625983351 -0.288374016649
290 0.000032714062 -122.322454135756 99.710705391766 -0.289294608234
291 0.000032814062 -125.561186327806 99.709974896539 -0.290025103461
292 0.000032914062 -128.671241879366 99.709435035518 -0.290564964482
293 0.000033014062 -131.649644297829 99.709086155604 -0.290913844396
294 0.000033114062 -134.493551587275 99.708928412600 -0.291071587400
295 0.000033214062 -137.200258951356 99.708961771244 -0.291038228756
296 0.000033314062 -139.767201356422 99.709186005439 -0.290813994561
297 0.000033414062 -142.191955952469 99.709600698672 -0.290399301328
298 0.000033514062 -144.472244349625 99.710205244620 -0.289794755380
299 0.000033614062 -146.605934748066 99.710998847950 -0.289001152050
300 0.000033714062 -148.591043919362 99.711980525301 -0.288019474699
301 0.000033814062 -150.425739037431 99.713149106457 -0.286850893543
302 0.000033914063 -152.108339357436 99.714503235705 -0.285496764295
303 0.000034014063 -153.637317741076 99.716041373377 -0.283958626623
304 0.000034114063 -155.011302026932 99.717761797569 -0.282238202431
305 0.000034214063 -156.229076244627 99.719662606050 -0.280337393950
306 0.000034314063 -157.289581671774 99.721741718342 -0.278258281658
307 0.000034414063 -158.191917732784 99.723996877975 -0.276003122025
308 0.000034514063 -158.935342738825 99.726425654923 -0.273574345077
309 0.000034614063 -159.519274468330 99.729025448202 -0.270974551798
310 0.000034714063 -159.943290587652 99.731793488642 -0.268206511358
311 0.000034814063 -160.207128911594 99.734726841826 -0.265273158174
312 0.000034914063 -160.310687503726 99.737822411179 -0.262177588821
313 0.000035014063 -160.254024616542 99.741076941234 -0.258923058766
314 0.000035114063 -160.037358471685 99.744487021036 -0.255512978964
315 0.000035214063 -159.661066880613 99.748049087711 -0.251950912289
316 0.000035314063 -159.125686706260 99.751759430176 -0.248240569824
317 0.000035414063 -158.431913166369 99.755614192993 -0.244385807007
318 0.000035514063 -157.580598979372 99.759609380370 -0.240390619630
319 0.000035614063 -156.572753353821 99.763740860289 -0.236259139711
320 0.000035714063 -155.409540822532 99.768004368774 -0.231995631226
321 0.000035814063 -154.092279922775 99.772395514279 -0.227604485721
322 0.000035914063 -152.622441723973 99.776909782208 -0.223090217792
323 0.000036014063 -151.001648204541 99.781542539544 -0.218457460456
324 0.000036114063 -149.231670479629 99.786289039597 -0.213710960403
325 0.000036214063 -147.314426881708 99.791144426861 -0.208855573139
326 0.000036314063 -145.251980896042 99.796103741972 -0.203896258028
327 0.000036414063 -143.046538953271 99.801161926767 -0.198838073233
328 0.000036514063 -140.700448081445 99.806313829435 -0.193686170565
329 0.000036614063 -138.216193420002 99.811554209756 -0.188445790244
330 0.000036714063 -135.596395598308 99.816877744429 -0.183122255571
331 0.000036814063 -132.843807981512 99.822279032465 -0.177720967535
332 0.000036914063 -129.961313786612 99.827752600667 -0.172247399333
333 0.000037014063 -126.951923071726 99.833292909165 -0.166707090835
334 0.000037114063 -123.818769601716 99.838894357018 -0.161105642982
335 0.000037214063 -120.565107593421 99.844551287869 -0.155448712131
336 0.000037314063 -117.194308343860 99.850257995653 -0.149742004347
337 0.000037414063 -113.709856744901 99.856008730342 -0.143991269658
338 0.000037514063 -110.115347687988 99.861797703735 -0.138202296265
339 0.000037614063 -106.414482362628 99.867619095280 -0.132380904720
340 0.000037714063 -102.611064452442 99.873467057914 -0.126532942086
341 0.000037814063 -98.708996232683 99.879335723937 -0.120664276063
342 0.000038014063 -90.542923560166 99.891108785971 -0.108891214029
343 0.000038214063 -82.048890560498 99.902870540588 -0.097129459412
344 0.000038414063 -73.262043459855 99.914574183719 -0.085425816281
345 0.000038614063 -64.218554125636 99.926173330126 -0.073826669874
346 0.000038814063 -54.955471881220 99.937622196486 -0.062377803514
347 0.000039014063 -45.510572418826 99.948875781343 -0.051124218657
348 0.000039214063 -35.922204423934 99.959890041232 -0.040109958768
349 0.000039414063 -26.229134531338 99.970622062276 -0.029377937724
350 0.000039614063 -16.470391237079 99.981030226598 -0.018969773402
351 0.000040014063 2.998353156556 100.000243836004 0.000243836004
352 0.000040414063 22.112602561931 100.017577517744 0.017577517744
353 0.000040614063 31.543390418572 100.025741736384 0.025741736384
354 0.000040814063 40.810782523343 100.033372825184 0.033372825184
355 0.000041014063 49.878519157543 100.040442522217 0.040442522217
356 0.000041214063 58.711281019812 100.046924914825 0.046924914825
357 0.000041414063 67.274826145129 100.052796533424 0.052796533424
358 0.000041614063 75.536121984471 100.058036435216 0.058036435216
359 0.000041814063 83.463472138415 100.062626277484 0.062626277484
360 0.000042014063 91.026637261258 100.066550380254 0.066550380254
361 0.000042214063 98.196949677435 100.069795778088 0.069795778088
362 0.000042264063 99.964532804586 100.070564516570 0.070564516570
363 0.000042276563 100.404859140975 100.071060095819 0.071060095819
364 0.000042282813 100.624583859778 100.143675474025 0.143675474025
365 0.000042285938 100.734320662836 100.230661018849 0.230661018849
366 0.000042292188 100.953276382824 100.428320848090 0.428320848090
367 0.000042304688 101.389091250240 100.838215255850 0.838215255850
368 0.000042329688 102.252258599733 101.666862926056 1.666862926056
369 0.000042379688 103.944399858980 103.308330880775 3.308330880775
370 0.000042479688 107.189845588679 106.473025201570 6.473025201570
371 0.000042579688 110.294655351813 109.507156322758 9.507156322758
372 0.000042679688 113.257230847372 112.404859995646 12.404859995646
373 0.000042779688 116.076144971861 115.163382605369 15.163382605369
374 0.000042879688 118.750133976126 117.780881230157 17.780881230157
375 0.000042979688 121.278094183960 120.255951454990 20.255951454990
376 0.000043079688 123.659080084421 122.587474183710 22.587474183710
377 0.000043179688 125.892302899810 124.774552400927 24.774552400927
378 0.000043279688 127.977129300102 126.816480980705 26.816480980705
379 0.000043379688 129.913080126559 128.712730351488 28.712730351488
380 0.000043479688 131.699829060500 130.462936697109 30.462936697109
381 0.000043579688 133.337201205345 132.066895486136 32.066895486136
382 0.000043679688 134.825171565573 133.524556791178 33.524556791178
383 0.000043779688 136.163863414245 134.836021605477 34.836021605477
384 0.000043879688 137.353546545186 136.001538724036 36.001538724036
385 0.000043979688 138.394635408542 137.021501941683 37.021501941683
386 0.000044079688 139.287687129975 137.896447420958 37.896447420958
387 0.000044179688 140.033399414805 138.627051139771 38.627051139771
388 0.000044279688 140.632608339069 139.214126362497 39.214126362497
389 0.000044379688 141.086286029940 139.658621098803 39.658621098803
390 0.000044479688 141.395538238285 139.961615527574 39.961615527574
391 0.000044579688 141.561601806381 140.124319371811 40.124319371810
392 0.000044679688 141.585842034000 140.148069216125 40.148069216125
393 0.000044779688 141.469749946209 140.034325762484 40.034325762484
394 0.000044879688 141.214939466348 139.784671022828 39.784671022828
395 0.000044979688 140.823144497723 139.400805449495 39.400805449495
396 0.000045079688 140.296215917612 138.884545006400 38.884545006400
397 0.000045179688 139.636118487219 138.237818185797 38.237818185797
398 0.000045279688 138.844927681228 137.462662977494 37.462662977494
399 0.000045379688 137.924826440573 136.561223799805 36.561223799805
400 0.000045479688 136.878101852018 135.535748404622 35.535748404622
401 0.000045579688 135.707141758018 134.388584773351 34.388584773351
402 0.000045679688 134.414431300185 133.122178026646 33.122178026646
403 0.000045779688 133.002549399416 131.739067380279 31.739067380279
404 0.000045879688 131.474165175333 130.241883194093 30.241883194093
405 0.000045979688 129.832034307041 128.633344184333 28.633344184333
406 0.000046079688 128.078995336170 126.916254908561 26.916254908561
407 0.000046179688 126.217965911483 125.093503699140 25.093503699140
408 0.000046279688 124.251938971402 123.168061341308 23.168061341308
409 0.000046379688 122.183978855702 121.142981017613 21.142981017613
410 0.000046479688 120.017217327947 119.021400490397 19.021400490397
411 0.000046679688 115.314505032955 114.417961457887 14.417961457887
412 0.000046879688 110.269424555675 109.482485661124 9.482485661124
413 0.000047079688 104.909395714794 104.248024698194 4.248024698194
414 0.000047179688 102.153987724342 101.571982927018 1.571982927018
415 0.000047229688 100.757705115458 100.249820402698 0.249820402698
416 0.000047254688 100.054017784113 99.966880719381 -0.033119280619
417 0.000047279688 99.344177532409 99.944444424727 -0.055555575273
418 0.000047304688 98.628180038024 99.941636995940 -0.058363004060
419 0.000047354688 97.171904822711 99.939087063643 -0.060912936357
420 0.000047454688 94.165238037279 99.934198740407 -0.065801259593
421 0.000047654688 87.800898142983 99.924335283472 -0.075664716528
422 0.000047854688 81.112307426964 99.914414884158 -0.085585115842
423 0.000048054688 74.127405841528 99.904477186770 -0.095522813230
424 0.000048254688 66.875201755937 99.894561843323 -0.105438156677
425 0.000048454688 59.385652133497 99.884708259045 -0.115291740955
426 0.000048654688 51.689539409890 99.874955435431 -0.125044564569
427 0.000048854688 43.818345576356 99.865341816501 -0.134658183499
428 0.000049054688 35.804123980472 99.855905137903 -0.144094862097
429 0.000049254688 27.679369364301 99.846682279434 -0.153317720566
430 0.000049454688 19.476886664628 99.837709121574 -0.162290878426
431 0.000049854688 3.024201273920 99.821028396057 -0.178971603943
432 0.000050254688 -13.216414584071 99.805855911766 -0.194144088234
433 0.000050454688 -21.251572613138 99.798675437982 -0.201324562018
434 0.000050654688 -29.169916023540 99.791927709440 -0.208072290560
435 0.000050854688 -36.940372148586 99.785637871321 -0.214362128679
436 0.000051054688 -44.532581772003 99.779829144282 -0.220170855718
437 0.000051254688 -51.917017198533 99.774522739669 -0.225477260331
438 0.000051454688 -59.065096539772 99.769737783066 -0.230262216934
439 0.000051654688 -65.949293775179 99.765491246473 -0.234508753527
440 0.000051854688 -72.543244166775 99.761797889313 -0.238202110687
441 0.000052054688 -78.821844626251 99.758670208511 -0.241329791489
442 0.000052254688 -84.761348654891 99.756118397763 -0.243881602237
443 0.000052454688 -90.339455499901 99.754150316160 -0.245849683840
444 0.000052654688 -95.535393195130 99.752771466226 -0.247228533774
445 0.000052754688 -98.035321305669 99.752229889169 -0.247770110831
446 0.000052854688 -100.434810672162 99.751836551798 -0.248163448202
447 0.000052954688 -102.731566024087 99.751591697435 -0.248408302565
448 0.000053054688 -104.923397016230 99.751495420854 -0.248504579146
449 0.000053154688 -107.008220310538 99.751547668333 -0.248452331667
450 0.000053254688 -108.984061548991 99.751748237861 -0.248251762139
451 0.000053354688 -110.849057215645 99.752096779487 -0.247903220513
452 0.000053454688 -112.601456386077 99.752592795820 -0.247407204180
453 0.000053554688 -114.239622362614 99.753235642675 -0.246764357325
454 0.000053654688 -115.762034193830 99.754024529863 -0.245975470137
455 0.000053754688 -117.167288076891 99.754958522127 -0.245041477873
456 0.000053854688 -118.454098641492 99.756036540226 -0.243963459774
457 0.000053954688 -119.621300114198 99.757257362155 -0.242742637845
458 0.000054054688 -120.667847362165 99.758619624509 -0.241380375491
459 0.000054154688 -121.592816815312 99.760121823992 -0.239878176008
460 0.000054254688 -122.395407266143 99.761762319053 -0.238237680947
461 0.000054354688 -123.074940546554 99.763539331670 -0.236460668330
462 0.000054454688 -123.630862081059 99.765450949262 -0.234549050738
463 0.000054554688 -124.062741316024 99.767495126735 -0.232504873265
464 0.000054654688 -124.370272024583 99.769669688659 -0.230330311341
465 0.000054754688 -124.553272487084 99.771972331569 -0.228027668431
466 0.000054854688 -124.611685546986 99.774400626401 -0.225599373599
467 0.000054954688 -124.545578542292 99.776952021040 -0.223047978960
468 0.000055054688 -124.355143112706 99.779623842991 -0.220376157009
469 0.000055154688 -124.040694882828 99.782413302179 -0.217586697821
470 0.000055254688 -123.602673021845 99.785317493844 -0.214682506156
471 0.000055354688 -123.041639680259 99.788333401564 -0.211666598436
472 0.000055454688 -122.358279304357 99.791457900379 -0.208542099621
473 0.000055554688 -121.553397829222 99.794687760022 -0.205312239978
474 0.000055654688 -120.627921751218 99.798019648248 -0.201980351752
475 0.000055754688 -119.582897080994 99.801450134272 -0.198549865728
476 0.000055854688 -118.419488178171 99.804975692289 -0.195024307711
477 0.000055954688 -117.138976469007 99.808592705094 -0.191407294906
478 0.000056054688 -115.742759048422 99.812297467787 -0.187702532213
479 0.000056154688 -114.232347167907 99.816086191562 -0.183913808438
480 0.000056254688 -112.609364610941 99.819955007574 -0.180044992426
481 0.000056354688 -110.875545957650 99.823899970886 -0.176100029114
482 0.000056454688 -109.032734740555 99.827917064486 -0.172082935514
483 0.000056554688 -107.082881493356 99.832002203370 -0.167997796630
484 0.000056654688 -105.028041694814 99.836151238692 -0.163848761308
485 0.000056754688 -102.870373609896 99.840359961972 -0.159640038028
486 0.000056854688 -100.612136030421 99.844624109361 -0.155375890639
487 0.000056954688 -98.255685917594 99.848939365951 -0.151060634049
488 0.000057154688 -93.170280564774 99.857739120563 -0.142260879437
489 0.000057354688 -87.734117407672 99.866672388000 -0.133327612000
490 0.000057554688 -81.970253848434 99.875703050871 -0.124296949129
491 0.000057754688 -75.902960282019 99.884794748424 -0.115205251576
492 0.000057954688 -69.557618566815 99.893911022348 -0.106088977652
493 0.000058154688 -62.960616474513 99.903015462388 -0.096984537612
494 0.000058354688 -56.139238555765 99.912071851178 -0.087928148822
495 0.000058554688 -49.121553870665 99.921044307730 -0.078955692270
496 0.000058754688 -41.936301043815 99.929897429010 -0.070102570990
497 0.000058954688 -34.612771112515 99.938596429043 -0.061403570957
498 0.000059154688 -27.180688643561 99.947107274997 -0.052892725003
499 0.000059354688 -19.670091599105 99.955396819733 -0.044603180267
500 0.000059754688 -4.576294668689 99.970843649628 -0.029156350372
501 0.000060154688 10.351317610294 99.984932891323 -0.015067108677
502 0.000060554688 24.880343148671 99.997464147007 -0.002535852993
503 0.000060754688 32.016672174495 100.003316880335 0.003316880335
504 0.000060954688 38.996905215873 100.008735059442 0.008735059442
505 0.000061154688 45.793863527485 100.013698842240 0.013698842240
506 0.000061354688 52.381207181695 100.018190276018 0.018190276018
507 0.000061554688 58.733536627687 100.022193361388 0.022193361388
508 0.000061754688 64.826490098349 100.025694108197 0.025694108197
509 0.000061954688 70.636836493537 100.028680583205 0.028680583205
510 0.000062154688 76.142563387850 100.031142949388 0.031142949388
511 0.000062354688 81.322959831889 100.033073496723 0.033073496723
512 0.000062554688 86.158693638022 100.034466664391 0.034466664391
513 0.000062754688 90.631882864897 100.035319054321 0.035319054321
514 0.000062954688 94.726161239181 100.035629436063 0.035629436063
515 0.000063154688 98.426737278212 100.035398743020 0.035398743020
516 0.000063254688 100.176850948198 100.035148601237 0.035148601237
517 0.000063279688 100.607862693395 100.126620953417 0.126620953417
518 0.000063285938 100.715168153149 100.213113624940 0.213113624940
519 0.000063298438 100.927962480743 100.404787625845 0.404787625845
520 0.000063323438 101.346235387699 100.797431033258 0.797431033258
521 0.000063373438 102.153372966591 101.571409389127 1.571409389127
522 0.000063473438 103.649497518237 103.021520251045 3.021520251045
523 0.000063573438 105.027181851288 104.362823925393 4.362823925393
524 0.000063673438 106.286298835967 105.590928878987 5.590928878987
525 0.000063773438 107.426853365565 106.704489050492 6.704489050492
526 0.000063873438 108.448973528845 107.703028329470 7.703028329470
527 0.000063973438 109.352906377309 108.586469173337 8.586469173337
528 0.000064073438 110.139015114559 109.354978783280 9.354978783280
529 0.000064173438 110.807776811937 110.008905089242 10.008905089242
530 0.000064273438 111.359780321315 110.548745857223 10.548745857223
531 0.000064373438 111.795724247590 110.975131742687 10.975131742687
532 0.000064473438 112.116414916575 111.288815980061 11.288815980061
533 0.000064573438 112.322764305927 111.490667512735 11.490667512735
534 0.000064673438 112.415787922039 111.581666044452 11.581666044452
535 0.000064773438 112.396602613490 111.562898249316 11.562898249316
536 0.000064873438 112.266424315580 111.435554753890 11.435554753890
537 0.000064973438 112.026565722326 111.200927715956 11.200927715956
538 0.000065073438 111.678433882667 110.860408968203 10.860408968203
539 0.000065173438 111.223527716704 110.415488826967 10.415488826967
540 0.000065273438 110.663435445212 109.867755835350 9.867755835350
541 0.000065373438 109.999831920271 109.218897988211 9.218897988211
542 0.000065473438 109.234475834186 108.470706519156 8.470706519156
543 0.000065573438 108.369206761903 107.625084462814 7.625084462814
544 0.000065773438 106.254943975315 105.560327768845 5.560327768845
545 0.000065973438 103.773941595093 103.142519131542 3.142519131542
546 0.000066173438 100.943633852136 100.419060497836 0.419060497836
547 0.000066223438 100.213156053936 99.988575187377 -0.011424812623
548 0.000066248438 99.841719621693 99.971545453935 -0.028454546065
549 0.000066273438 99.464071913419 99.969454068180 -0.030545931820
550 0.000066323438 98.684114764814 99.967594741704 -0.032405258296
551 0.000066423438 97.027209214129 99.963999167758 -0.036000832242
552 0.000066623438 93.340185557845 99.956589801928 -0.043410198072
553 0.000066823438 89.296129476293 99.948985170033 -0.051014829967
554 0.000067023438 84.912578458916 99.941216269476 -0.058783730524
555 0.000067223438 80.208352064629 99.933314702113 -0.066685297887
556 0.000067423438 75.203471827623 99.925312472478 -0.074687527522
557 0.000067623438 69.919076696124 99.917241857954 -0.082758142046
558 0.000067823438 64.377334358766 99.909135279105 -0.090864720895
559 0.000068023438 58.601348828278 99.901025169963 -0.098974830037
560 0.000068223438 52.615064665552 99.892943848789 -0.107056151211
561 0.000068423438 46.443168239049 99.884923389798 -0.115076610202
562 0.000068623438 40.110986424715 99.876995496388 -0.123004503612
563 0.000068823438 33.644383160142 99.869191376335 -0.130808623665
564 0.000069023438 27.069654273612 99.861541619476 -0.138458380524
565 0.000069223438 20.413421013849 99.854076078336 -0.145923921664
566 0.000069623438 6.989678469612 99.840105308261 -0.159894691739
567 0.000070023438 -6.332236071290 99.827299653417 -0.172700346583
568 0.000070423438 -19.344185354006 99.815842340342 -0.184157659658
569 0.000070623438 -25.747064335976 99.810472238203 -0.189527761797
570 0.000070823438 -32.021756460248 99.805480645287 -0.194519354713
571 0.000071023438 -38.143781563935 99.800885928859 -0.199114071141
572 0.000071223438 -44.089365582751 99.796704801827 -0.203295198173
573 0.000071423438 -49.835532421102 99.792952262786 -0.207047737214
574 0.000071623438 -55.360192275955 99.789641543142 -0.210358456858
575 0.000071823438 -60.642226076868 99.786784061484 -0.213215938516
576 0.000072023438 -65.661565721374 99.784389385357 -0.215610614643
577 0.000072223438 -70.399269802971 99.782465200561 -0.217534799439
578 0.000072423438 -74.837594548126 99.781017288074 -0.218982711926
579 0.000072623438 -78.960059698897 99.780049508645 -0.219950491355
580 0.000072823438 -82.751509099001 99.779563795107 -0.220436204893
581 0.000073023438 -86.198165763198 99.779560152395 -0.220439847605
582 0.000073223438 -89.287681232721 99.780036665242 -0.219963334758
583 0.000073423438 -92.009179043037 99.780989513498 -0.219010486502
584 0.000073623438 -94.353292154365 99.782412994967 -0.217587005033
585 0.000073823438 -96.312194220027 99.784299555658 -0.215700444342
586 0.000074023438 -97.879624592750 99.786639827286 -0.213360172714
587 0.000074223438 -99.050906994387 99.789422671849 -0.210577328151
588 0.000074423438 -99.822961800049 99.792635233081 -0.207364766919
589 0.000074523438 -100.108897425425 99.794347230152 -0.205652769848
590 0.000074623438 -100.294556653117 99.796163127106 -0.203836872894
591 0.000074723438 -100.379855204388 99.798081005427 -0.201918994573
592 0.000074823438 -100.364809124947 99.800098846679 -0.199901153321
593 0.000074923438 -100.249534667718 99.802214534618 -0.197785465382
594 0.000075023438 -100.034248075640 99.804425857406 -0.195574142594
595 0.000075123438 -99.719265264823 99.806730509920 -0.193269490080
596 0.000075323438 -98.694620416917 99.811693279665 -0.188306720335
597 0.000075523438 -97.280957639489 99.816988331508 -0.183011668492
598 0.000075723438 -95.485465099913 99.822593244079 -0.177406755921
599 0.000075923438 -93.316823092118 99.828484451529 -0.171515548471
600 0.000076123438 -90.785163488178 99.834637341980 -0.165362658020
601 0.000076323438 -87.902023570313 99.841026359740 -0.158973640260
602 0.000076523438 -84.680294449672 99.847625110882 -0.152374889118
603 0.000076723438 -81.134164299052 99.854406471725 -0.145593528275
604 0.000076923438 -77.279056646407 99.861342699800 -0.138657300200
605 0.000077123438 -73.131563994724 99.868405546825 -0.131594453175
606 0.000077323438 -68.709377051364 99.875566373252 -0.124433626748
607 0.000077523438 -64.031209866352 99.882796263910 -0.117203736090
608 0.000077723438 -59.116721194171 99.890066144281 -0.109933855719
609 0.000077923438 -53.986432407413 99.897346896948 -0.102653103052
610 0.000078123438 -48.661642303059 99.904609477749 -0.095390522251
611 0.000078323438 -43.164339153161 99.911825031169 -0.088174968831
612 0.000078523438 -37.517110361285 99.918965004525 -0.081034995475
613 0.000078723438 -31.743050094151 99.926001260481 -0.073998739519
614 0.000078923438 -25.865665264500 99.932906187466 -0.067093812534
615 0.000079123438 -19.908780246264 99.939652807548 -0.060347192452
616 0.000079523438 -7.869602866542 99.952310372869 -0.047689627131
617 0.000079923438 4.103453820228 99.963946168604 -0.036053831396
618 0.000080323438 15.822925815717 99.974393124332 -0.025606875668
619 0.000080523438 21.596178964573 99.979299775836 -0.020700224164
620 0.000080723438 27.260299484505 99.983871325129 -0.016128674871
621 0.000080923438 32.793162961010 99.988090904296 -0.011909095704
622 0.000081123438 38.173256367831 99.991943114911 -0.008056885089
623 0.000081323438 43.379761310041 99.995414083487 -0.004585916513
624 0.000081523438 48.392634167039 99.998491510639 -0.001508489361
625 0.000081723438 53.192682828660 100.001164713765 0.001164713765
626 0.000081923438 57.761639732364 100.003424663129 0.003424663129
627 0.000082123438 62.082230925406 100.005264011214 0.005264011214
628 0.000082323438 66.138240892795 100.006677115248 0.006677115248
629 0.000082523438 69.914572909793 100.007660052862 0.007660052862
630 0.000082723438 73.397304696445 100.008210630824 0.008210630824
631 0.000082923438 76.573739171292 100.008328386854 0.008328386854
632 0.000083123438 79.432450121699 100.008014584533 0.008014584533
633 0.000083323438 81.963322629252 100.007272201368 0.007272201368
634 0.000083523438 84.157588110190 100.006105910063 0.006105910063
635 0.000083723438 86.007853852856 100.004522053126 0.004522053126
636 0.000083923438 87.508126956539 100.002528610921 0.002528610921
637 0.000084123438 88.653832598780 100.000135163320 0.000135163320
638 0.000084323438 89.441826581059 99.997352845147 -0.002647154853
639 0.000084523438 89.870402125827 99.994194295597 -0.005805704403
640 0.000084723438 89.939290920785 99.990673601872 -0.009326398128
641 0.000084923438 89.649658429319 99.986806237272 -0.013193762728
642 0.000085123438 89.004093508683 99.982608994010 -0.017391005990
643 0.000085323438 88.006592400105 99.978099911051 -0.021900088949
644 0.000085523438 86.662537177095 99.973298197266 -0.026701802734
645 0.000085723438 84.978668759986 99.968224150235 -0.031775849765
646 0.000085923438 82.963054625957 99.962899071041 -0.037100928959
647 0.000086123438 80.625051364383 99.957345175405 -0.042654824595
648 0.000086323438 77.975262247297 99.951585501538 -0.048414498462
649 0.000086523438 75.025490003924 99.945643815081 -0.054356184919
650 0.000086723438 71.788685006596 99.939544511528 -0.060455488472
651 0.000086923438 68.278889092797 99.933312516537 -0.066687483463
652 0.000087123438 64.511175264580 99.926973184521 -0.073026815479
653 0.000087323438 60.501583522046 99.920552195940 -0.079447804060
654 0.000087523438 56.267053101949 99.914075453709 -0.085924546291
655 0.000087723438 51.825351405721 99.907568979125 -0.092431020875
656 0.000087923438 47.194999913268 99.901058807753 -0.098941192247
657 0.000088123438 42.395197389697 99.894570885656 -0.105429114344
658 0.000088323438 37.445740701704 99.888130966412 -0.111869033588
659 0.000088523438 32.366943568580 99.881764509300 -0.118235490700
660 0.000088723438 27.179553579741 99.875496579069 -0.124503420931
661 0.000088923438 21.904667816265 99.869351747679 -0.130648252321
662 0.000089323438 11.176536172427 99.857740200837 -0.142259799163
663 0.000089723438 0.441766713893 99.846978882683 -0.153021117317
664 0.000090123438 -10.130524154979 99.837223803127 -0.162776196873
665 0.000090523438 -20.376447419695 99.828612667130 -0.171387332870
666 0.000090723438 -25.397738028400 99.824609090098 -0.175390909902
667 0.000090923438 -30.297763844766 99.820922242154 -0.179077757846
668 0.000091123438 -35.057492556878 99.817565540824 -0.182434459176
669 0.000091323438 -39.658526871386 99.814551034888 -0.185448965112
670 0.000091523438 -44.083175251428 99.811889361864 -0.188110638136
671 0.000091723438 -48.314519560217 99.809589711282 -0.190410288718
672 0.000091923438 -52.336479353245 99.807659793884 -0.192340206116
673 0.000092123438 -56.133872576426 99.806105816825 -0.193894183175
674 0.000092323438 -59.692472442799 99.804932464968 -0.195067535032
675 0.000092523438 -62.999060276533 99.804142888322 -0.195857111678
676 0.000092723438 -66.041474129894 99.803738695632 -0.196261304368
677 0.000092923438 -68.808652996439 99.803719954148 -0.196280045852
678 0.000093123438 -71.290676461964 99.804085195521 -0.195914804479
679 0.000093323438 -73.478799653520 99.804831427805 -0.195168572195
680 0.000093523438 -75.365483366125 99.805954153470 -0.194045846530
681 0.000093723438 -76.944419266462 99.807447393342 -0.192552606658
682 0.000093923438 -78.210550092887 99.809303716357 -0.190696283643
683 0.000094123438 -79.160084791320 99.811514274966 -0.188485725034
684 0.000094323438 -79.790508546986 99.814068846048 -0.185931153952
685 0.000094523438 -80.100587692504 99.816955877140 -0.183044122860
686 0.000094723438 -80.090369493261 99.820162537772 -0.179837462228
687 0.000094923438 -79.761176831451 99.823674775689 -0.176325224311
688 0.000095123438 -79.115597830360 99.827477377715 -0.172522622285
689 0.000095323438 -78.157470480493 99.831554034998 -0.168445965002
690 0.000095523438 -76.891862348778 99.835887412359 -0.164112587641
691 0.000095723438 -75.325045471359 99.840459221444 -0.159540778556
692 0.000095923438 -73.464466549262 99.845250297394 -0.154749702606
693 0.000096123438 -71.318712584453 99.850240678682 -0.149759321318
694 0.000096323438 -68.897472111422 99.855409689822 -0.144590310178
695 0.000096523438 -66.211492196339 99.860736026573 -0.139263973427
696 0.000096723438 -63.272531392024 99.866197843320 -0.133802156680
697 0.000096923438 -60.093308852278 99.871772842257 -0.128227157743
698 0.000097123438 -56.687449823673 99.877438364009 -0.122561635991
699 0.000097323438 -53.069427746389 99.883171479341 -0.116828520659
700 0.000097523438 -49.254503208316 99.888949081567 -0.111050918433
701 0.000097723438 -45.258660008165 99.894747979298 -0.105252020702
702 0.000097923438 -41.098538593836 99.900544989160 -0.099455010840
703 0.000098123438 -36.791367151679 99.906317028104 -0.093682971896
704 0.000098323438 -32.354890630536 99.912041204948 -0.087958795052
705 0.000098523438 -27.807297991545 99.917694910790 -0.082305089210
706 0.000098723438 -23.167147980574 99.923255907932 -0.076744092068
707 0.000099123438 -13.668574050007 99.933837812322 -0.066162187678
708 0.000099523438 -4.104719949615 99.943721546530 -0.056278453470
709 0.000099923438 5.372807590488 99.952762517571 -0.047237482429
710 0.000100323438 14.616153901533 99.960831683394 -0.039168316606
711 0.000100723438 23.483485025934 99.967817339118 -0.032182660882
712 0.000100923438 27.805862953878 99.971026461198 -0.028973538802
713 0.000101123438 32.000181878917 99.973940230646 -0.026059769354
714 0.000101323438 36.050247653481 99.976548223682 -0.023451776318
715 0.000101523438 39.940505544815 99.978841276221 -0.021158723779
716 0.000101723438 43.656099632836 99.980811515329 -0.019188484671
717 0.000101923438 47.182929186708 99.982452385417 -0.017547614583
718 0.000102123438 50.507701807676 99.983758669082 -0.016241330918
719 0.000102323438 53.617983139418 99.984726502523 -0.015273497477
720 0.000102523438 56.502242961653 99.985353385524 -0.014646614476
721 0.000102723438 59.149897497888 99.985638185946 -0.014361814054
722 0.000102923438 61.551347783931 99.985581138764 -0.014418861236
723 0.000103123438 63.698013960115 99.985183839656 -0.014816160344
724 0.000103323438 65.582365366961 99.984449233203 -0.015550766797
725 0.000103523438 67.197946341191 99.983381595758 -0.016618404242
726 0.000103723438 68.539397626569 99.981986513080 -0.018013486920
727 0.000103923438 69.602473331823 99.980270852849 -0.019729147151
728 0.000104123438 70.384053385948 99.978242732171 -0.021757267829
729 0.000104323438 70.882151459273 99.975911480252 -0.024088519748
730 0.000104523438 71.095918336929 99.973287596381 -0.026712403619
731 0.000104723438 71.025640749445 99.970382703425 -0.029617296575
732 0.000104923438 70.672735683356 99.967209497041 -0.032790502959
733 0.000105123438 70.039740212542 99.963781690803 -0.036218309197
734 0.000105323438 69.130296908758 99.960113957514 -0.039886042486
735 0.000105523438 67.949134907158 99.956221866911 -0.043778133089
736 0.000105723438 66.502046719616 99.952121820066 -0.047878179934
737 0.000105923438 64.795860905240 99.947830980722 -0.052169019278
738 0.000106123438 62.838410723507 99.943367203882 -0.056632796118
739 0.000106323438 60.638498910969 99.938748961913 -0.061251038087
740 0.000106523438 58.205858737350 99.933995268500 -0.066004731500
741 0.000106723438 55.551111511043 99.929125600746 -0.070874399254
742 0.000106923438 52.685720717485 99.924159819732 -0.075840180268
743 0.000107123438 49.621942986578 99.919118089870 -0.080881910130
744 0.000107323438 46.372776097133 99.914020797373 -0.085979202627
745 0.000107523438 42.951904237323 99.908888468160 -0.091111531840
746 0.000107723438 39.373640750164 99.903741685542 -0.096258314458
747 0.000107923438 35.652868602148 99.898601008005 -0.101398991995
748 0.000108123438 31.804978821258 99.893486887417 -0.106513112583
749 0.000108323438 27.845807157726 99.888419587997 -0.111580412003
750 0.000108523438 23.791569226919 99.883419106343 -0.116580893657
751 0.000108923438 15.436492700199 99.873838653947 -0.126161346053
752 0.000109323438 6.970252758974 99.864822912961 -0.135177087039
753 0.000109723438 -1.472100848827 99.856504916877 -0.143495083123
754 0.000110123438 -9.758026028060 99.849004613915 -0.150995386085
755 0.000110523438 -17.759535541475 99.842427185050 -0.157572814950
756 0.000110723438 -21.673535240820 99.839381365136 -0.160618634864
757 0.000110923438 -25.485536957025 99.836589599499 -0.163410400501
758 0.000111123438 -29.180765060823 99.834061991274 -0.165938008726
759 0.000111323438 -32.744968203002 99.831807550964 -0.168192449036
760 0.000111523438 -36.164473981534 99.829834164923 -0.170165835077
761 0.000111723438 -39.426241083801 99.828148568438 -0.171851431562
762 0.000111923438 -42.517908706344 99.826756323516 -0.173243676484
763 0.000112123438 -45.427843066181 99.825661801423 -0.174338198577
764 0.000112323438 -48.145180830070 99.824868170038 -0.175131829962
765 0.000112523438 -50.659869301074 99.824377386052 -0.175622613948
766 0.000112723438 -52.962703215337 99.824190192025 -0.175809807975
767 0.000112923438 -55.045358016061 99.824306118288 -0.175693881712
768 0.000113123438 -56.900419486267 99.824723489664 -0.175276510336
769 0.000113323438 -58.521409636872 99.825439436969 -0.174560563031
770 0.000113523438 -59.902808761954 99.826449913218 -0.173550086782
771 0.000113723438 -61.040073588707 99.827749714462 -0.172250285538
772 0.000113923438 -61.929651465411 99.829332505147 -0.170667494853
773 0.000114123438 -62.568990546782 99.831190847879 -0.168809152121
774 0.000114323438 -62.956545952137 99.833316237458 -0.166683762542
775 0.000114523438 -63.091781887972 99.835699139036 -0.164300860964
776 0.000114723438 -62.975169742659 99.838329030210 -0.161670969790
777 0.000114923438 -62.608182176972 99.841194446894 -0.158805553106
778 0.000115123438 -61.993283250002 99.844283032751 -0.155716967249
779 0.000115323438 -61.133914635674 99.847581591980 -0.152418408020
780 0.000115523438 -60.034478000410 99.851076145241 -0.148923854759
781 0.000115723438 -58.700313627500 99.854751988472 -0.145248011528
782 0.000115923438 -57.137675388355 99.858593754362 -0.141406245638
783 0.000116123438 -55.353702174947 99.862585476211 -0.137414523789
784 0.000116323438 -53.356385921407 99.866710653934 -0.133289346066
785 0.000116523438 -51.154536355804 99.870952321918 -0.129047678082
786 0.000116723438 -48.757742635590 99.875293118461 -0.124706881539
787 0.000116923438 -46.176332032009 99.879715356512 -0.120284643488
788 0.000117123438 -43.421325839846 99.884201095427 -0.115798904572
789 0.000117323438 -40.504392699247 99.888732213445 -0.111267786555
790 0.000117523438 -37.437799525887 99.893290480593 -0.106709519407
791 0.000117723438 -34.234360254532 99.897857631733 -0.102142368267
792 0.000117923438 -30.907382608896 99.902415439460 -0.097584560540
793 0.000118123438 -27.470613117731 99.906945786551 -0.093054213449
794 0.000118323438 -23.938180603176 99.911430737688 -0.088569262312
795 0.000118723438 -16.607934618550 99.920080697200 -0.079919302800
796 0.000119123438 -9.131906091613 99.928279576093 -0.071720423907
797 0.000119523438 -1.630100982249 99.935905408304 -0.064094591696
798 0.000119923438 5.778963047682 99.942847175068 -0.057152824932
799 0.000120323438 12.980099123438 99.949006380049 -0.050993619951
800 0.000120723438 19.863212124310 99.954298402444 -0.045701597556
801 0.000120923438 23.211872742898 99.956717946276 -0.043282053724
802 0.000121123438 26.454670990612 99.958902291806 -0.041097708194
803 0.000121323438 29.579113954746 99.960843679884 -0.039156320116
804 0.000121523438 32.573230164815 99.962535350171 -0.037464649829
805 0.000121723438 35.425615189847 99.963971564063 -0.036028435937
806 0.000121923438 38.125474794513 99.965147623459 -0.034852376541
807 0.000122123438 40.662665491974 99.966059885313 -0.033940114687
808 0.000122323438 43.027732342333 99.966705771915 -0.033294228085
809 0.000122523438 45.211943857164 99.967083776902 -0.032916223098
810 0.000122723438 47.207323882664 99.967193466963 -0.032806533037
811 0.000122923438 49.006680346530 99.967035479271 -0.032964520729
812 0.000123123438 50.603630766623 99.966611514662 -0.033388485338
813 0.000123323438 51.992624432746 99.965924326599 -0.034075673401
814 0.000123523438 53.168961186535 99.964977705994 -0.035022294006
815 0.000123723438 54.128806738251 99.963776461953 -0.036223538047
816 0.000123923438 54.869204473343 99.962326398545 -0.037673601455
817 0.000124123438 55.388083715788 99.960634287697 -0.039365712303
818 0.000124323438 55.684264429502 99.958707838355 -0.041292161645
819 0.000124523438 55.757458353330 99.956555662015 -0.043444337985
820 0.000124723438 55.608266579384 99.954187234818 -0.045812765182
821 0.000124923438 55.238173598613 99.951612856338 -0.048387143662
822 0.000125123438 54.649537851458 99.948843605263 -0.051156394737
823 0.000125323438 53.845578835224 99.945891292149 -0.054108707851
824 0.000125523438 52.830360833311 99.942768409440 -0.057231590560
825 0.000125723438 51.608773344629 99.939488078988 -0.060511921012
826 0.000125923438 50.186508304363 99.936063997258 -0.063936002742
827 0.000126123438 48.570034199675 99.932510378478 -0.067489621522
828 0.000126323438 46.766567195854 99.928841895946 -0.071158104054
829 0.000126523438 44.784039399917 99.925073621743 -0.074926378257
830 0.000126723438 42.631064399515 99.921220965109 -0.078779034891
831 0.000126923438 40.316900225320 99.917299609707 -0.082700390293
832 0.000127123438 37.851409894738 99.913325450058 -0.086674549942
833 0.000127323438 35.245019703795 99.909314527388 -0.090685472612
834 0.000127523438 32.508675442328 99.905282965138 -0.094717034862
835 0.000127723438 29.653796715214 99.901246904421 -0.098753095579
836 0.000127923438 26.692229559159 99.897222439651 -0.102777560349
837 0.000128123438 23.636197550602 99.893225554627 -0.106774445373
838 0.000128523438 17.248468412324 99.885466218791 -0.114533781209
839 0.000128923438 10.689995601872 99.878059782397 -0.121940217603
840 0.000129323438 4.066732767055 99.871117284701 -0.128882715299
841 0.000129723438 -2.516018705406 99.864740707952 -0.135259292048
842 0.000130123438 -8.955257293442 99.859021514707 -0.140978485293
843 0.000130523438 -15.151866728192 99.854039373855 -0.145960626145
844 0.000130923438 -21.012115188667 99.849861092430 -0.150138907570
845 0.000131123438 -23.846814547537 99.847980433542 -0.152019566458
846 0.000131323438 -26.575179876488 99.846314912933 -0.153685087067
847 0.000131523438 -29.186769236305 99.844870303472 -0.155129696528
848 0.000131723438 -31.671647629037 99.843651474990 -0.156348525010
849 0.000131923438 -34.020424541671 99.842662378490 -0.157337621510
850 0.000132123438 -36.224289170735 99.841906034097 -0.158093965903
851 0.000132323438 -38.275043196784 99.841384522745 -0.158615477255
852 0.000132523438 -40.165130988060 99.841098981657 -0.158901018343
853 0.000132723438 -41.887667123281 99.841049603585 -0.158950396415
854 0.000132923438 -43.436461134688 99.841235639829 -0.158764360171
855 0.000133123438 -44.806039383903 99.841655406984 -0.158344593016
856 0.000133323438 -45.991663994946 99.842306297389 -0.157693702611
857 0.000133523438 -46.989348780782 99.843184793214 -0.156815206786
858 0.000133723438 -47.795872111988 99.844286484115 -0.155713515885
859 0.000133923438 -48.408786688526 99.845606088373 -0.154393911627
860 0.000134123438 -48.826426188092 99.847137477421 -0.152862522579
861 0.000134323438 -49.047908777074 99.848873703648 -0.151126296352
862 0.000134523438 -49.073137482680 99.850807031347 -0.149192968653
863 0.000134723438 -48.902797437323 99.852928970685 -0.147071029315
864 0.000134923438 -48.538350018767 99.855230314539 -0.144769685461
865 0.000135123438 -47.982023921795 99.857701178039 -0.142298821961
866 0.000135323438 -47.236803209239 99.860331040656 -0.139668959344
867 0.000135523438 -46.306412402073 99.863108790653 -0.136891209347
868 0.000135723438 -45.195298679810 99.866022771709 -0.133977228291
869 0.000135923438 -43.908611273649 99.869060831530 -0.130939168470
870 0.000136123438 -42.452178145719 99.872210372239 -0.127789627761
871 0.000136323438 -40.832480058158 99.875458402340 -0.124541597660
872 0.000136523438 -39.056622145768 99.878791590042 -0.121208409958
873 0.000136723438 -37.132303115470 99.882196317721 -0.117803682279
874 0.000136923438 -35.067782204745 99.885658737311 -0.114341262689
875 0.000137123438 -32.871844039642 99.889164826380 -0.110835173620
876 0.000137323438 -30.553761540743 99.892700444688 -0.107299555312
877 0.000137523438 -28.123257032639 99.896251390977 -0.103748609023
878 0.000137723438 -25.590461719035 99.899803459786 -0.100196540214
879 0.000137923438 -22.965873691430 99.903342498046 -0.096657501954
880 0.000138323438 -17.437966781222 99.910257835556 -0.089742164444
881 0.000138723438 -11.722761537999 99.916904125392 -0.083095874608
882 0.000139123438 -5.913196229009 99.923180972802 -0.076819027198
883 0.000139923438 5.361937584368 99.933590962861 -0.066409037139
884 0.000140323438 10.826103019598 99.938186541473 -0.061813458527
885 0.000140723438 16.033574328502 99.942109968229 -0.057890031771
886 0.000141123438 20.906414993028 99.945310080461 -0.054689919539
887 0.000141323438 23.249807822441 99.946723658489 -0.053276341511
888 0.000141523438 25.491211362088 99.947945874365 -0.052054125635
889 0.000141723438 27.622105942934 99.948972625808 -0.051027374192
890 0.000141923438 29.634446179468 99.949800605534 -0.050199394466
891 0.000142123438 31.520691117419 99.950427311241 -0.049572688759
892 0.000142323438 33.273832251540 99.950851052360 -0.049148947640
893 0.000142523438 34.887419310397 99.951070953534 -0.048929046466
894 0.000142723438 36.355583714370 99.951086954847 -0.048913045153
895 0.000142923438 37.673059622772 99.950899808792 -0.049100191208
896 0.000143123438 38.835202495887 99.950511074026 -0.049488925974
897 0.000143323438 39.838005107932 99.949923105935 -0.050076894065
898 0.000143523438 40.678110957384 99.949139044058 -0.050860955942
899 0.000143723438 41.352825031663 99.948162796448 -0.051837203552
900 0.000143923438 41.860121893874 99.946999021024 -0.053000978976
901 0.000144123438 42.198651070144 99.945653104020 -0.054346895980
902 0.000144323438 42.367739726876 99.944131135614 -0.055868864386
903 0.000144523438 42.367392638110 99.942439882848 -0.057560117152
904 0.000144723438 42.198289453986 99.940586759971 -0.059413240029
905 0.000144923438 41.861779291967 99.938579796309 -0.061420203691
906 0.000145123438 41.359872683105 99.936427601824 -0.063572398176
907 0.000145323438 40.695230916006 99.934139330495 -0.065860669505
908 0.000145523438 39.871152831358 99.931724641676 -0.068275358324
909 0.000145723438 38.891559129833 99.929193659599 -0.070806340401
910 0.000145923438 37.760974265812 99.926556931186 -0.073443068814
911 0.000146123438 36.484506008733 99.923825382346 -0.076174617654
912 0.000146323438 35.067822762791 99.921010272941 -0.078989727059
913 0.000146523438 33.517128744318 99.918123150594 -0.081876849406
914 0.000146723438 31.839137124290 99.915175803544 -0.084824196456
915 0.000146923438 30.041041251073 99.912180212728 -0.087819787272
916 0.000147123438 28.130484075743 99.909148503285 -0.090851496715
917 0.000147323438 26.115525908929 99.906092895685 -0.093907104315
918 0.000147523438 24.004610644317 99.903025656666 -0.096974343334
919 0.000147923438 19.471479785967 99.896941970484 -0.103058029516
920 0.000148323438 14.703333114288 99.891004057971 -0.108995942029
921 0.000148723438 9.778951260493 99.885303106674 -0.114696893326
922 0.000149123438 4.778331225987 99.879925134077 -0.120074865923
923 0.000149923438 -4.908080114725 99.871030122090 -0.128969877910
924 0.000150323438 -9.597567914732 99.867110529269 -0.132889470731
925 0.000150723438 -14.061931282195 99.863772228541 -0.136227771459
926 0.000151123438 -18.234435142409 99.861058604264 -0.138941395736
927 0.000151523438 -22.053992873316 99.859002520926 -0.140997479074
928 0.000151723438 -23.868281408742 99.858142301330 -0.141857698670
929 0.000151923438 -25.580235210469 99.857452658418 -0.142547341582
930 0.000152123438 -27.183444892583 99.856935656338 -0.143064343662
931 0.000152323438 -28.671959875336 99.856592663309 -0.143407336691
932 0.000152523438 -30.040310250798 99.856424348965 -0.143575651035
933 0.000152723438 -31.283526646386 99.856430684477 -0.143569315523
934 0.000152923438 -32.397158015132 99.856610945471 -0.143389054529
935 0.000153123438 -33.377287290162 99.856963717691 -0.143036282309
936 0.000153323438 -34.220544849549 99.857486905398 -0.142513094602
937 0.000153523438 -34.924119746689 99.858177742447 -0.141822257553
938 0.000153723438 -35.485768670419 99.859032805982 -0.140967194018
939 0.000153923438 -35.903822608250 99.860048032707 -0.139951967293
940 0.000154123438 -36.177191195398 99.861218737631 -0.138781262369
941 0.000154323438 -36.305364741531 99.862539635214 -0.137460364786
942 0.000154523438 -36.288413936471 99.864004862832 -0.135995137168
943 0.000154723438 -36.126987245302 99.865608006435 -0.134391993565
944 0.000154923438 -35.822306012520 99.867342128301 -0.132657871699
945 0.000155123438 -35.376157303892 99.869199796771 -0.130800203229
946 0.000155323438 -34.790884523590 99.871173117824 -0.128826882175
947 0.000155523438 -34.069375852888 99.873253768375 -0.126746231625
948 0.000155723438 -33.215050565181 99.875433031140 -0.124566968860
949 0.000155923438 -32.231843280348 99.877701830942 -0.122298169058
950 0.000156123438 -31.124186229424 99.880050772290 -0.119949227710
951 0.000156323438 -29.896989608184 99.882470178083 -0.117529821917
952 0.000156523438 -28.555620105546 99.884950129287 -0.115049870713
953 0.000156723438 -27.105877699631 99.887480505408 -0.112519494592
954 0.000156923438 -25.553970820837 99.890051025615 -0.109948974385
955 0.000157123438 -23.906489987388 99.892651290331 -0.107348709669
956 0.000157523438 -20.287143455237 99.897887041095 -0.102112958905
957 0.000157923438 -16.405516183464 99.903075023938 -0.096924976062
958 0.000158323438 -12.326861499208 99.908134311557 -0.091865688443
959 0.000158723438 -8.118504856002 99.912987280194 -0.087012719806
960 0.000159123438 -3.848751134620 99.917560779630 -0.082439220370
961 0.000159923438 4.408038155912 99.925107157817 -0.074892842183
962 0.000160323438 8.401870082123 99.928427101358 -0.071572898642
963 0.000160723438 12.200383016800 99.931248682967 -0.068751317033
964 0.000161123438 15.746854808077 99.933535344738 -0.066464655262
965 0.000161523438 18.989426803183 99.935259527727 -0.064740472273
966 0.000161923438 21.881843563825 99.936402963820 -0.063597036180
967 0.000162323438 24.384092687354 99.936956816702 -0.063043183298
968 0.000162523438 25.533082339408 99.937085834329 -0.062914165671
969 0.000162723438 26.575769290560 99.937067021333 -0.062932978667
970 0.000162923438 27.508425857819 99.936901044430 -0.063098955570
971 0.000163123438 28.327777552678 99.936589153848 -0.063410846152
972 0.000163323438 29.031014309855 99.936133176016 -0.063866823984
973 0.000163523438 29.615799821188 99.935535503975 -0.064464496025
974 0.000163723438 30.080278945108 99.934799085585 -0.065200914415
975 0.000163923438 30.423083169869 99.933927409555 -0.066072590445
976 0.000164123438 30.643334116568 99.932924489390 -0.067075510610
977 0.000164323438 30.740645075845 99.931794845296 -0.068205154704
978 0.000164523438 30.715120580024 99.930543484152 -0.069456515848
979 0.000164723438 30.567354020254 99.929175877614 -0.070824122386
980 0.000164923438 30.298423325962 99.927697938465 -0.072302061535
981 0.000165123438 29.909884731608 99.926115995293 -0.073884004707
982 0.000165323438 29.403764663194 99.924436765621 -0.075563234379
983 0.000165523438 28.782549784403 99.922667327590 -0.077332672410
984 0.000165723438 28.049175249361 99.920815090327 -0.079184909673
985 0.000165923438 27.207011215998 99.918887763102 -0.081112236898
986 0.000166123438 26.259847680706 99.916893323423 -0.083106676577
987 0.000166323438 25.211877701394 99.914839984185 -0.085160015815
988 0.000166523438 24.067679082236 99.912736160014 -0.087263839986
989 0.000166923438 21.436471899691 99.908396005847 -0.091603994153
990 0.000167323438 18.509292132459 99.903993770053 -0.096006229947
991 0.000167723438 15.336897762127 99.899599742712 -0.100400257288
992 0.000168123438 11.973106360722 99.895282975233 -0.104717024767
993 0.000168523438 8.473899478167 99.891110212737 -0.108889787263
994 0.000168923438 4.896507095410 99.887144879603 -0.112855120397
995 0.000169723438 -2.121939614865 99.880470881007 -0.119529118993
996 0.000170123438 -5.542366102274 99.877495628706 -0.122504371294
997 0.000170523438 -8.821544975212 99.874923257033 -0.125076742967
998 0.000170923438 -11.910077198978 99.872787907300 -0.127212092700
999 0.000171323438 -14.762345037898 99.871116301331 -0.128883698669
1000 0.000171723438 -17.337170592795 99.869927437850 -0.130072562150
1001 0.000172123438 -19.598394042114 99.869232415263 -0.130767584737
1002 0.000172523438 -21.515363750086 99.869034381612 -0.130965618388
1003 0.000172923438 -23.063331916549 99.869328610501 -0.130671389499
1004 0.000173323438 -24.223751030101 99.870102699793 -0.129897300207
1005 0.000173723438 -24.984468022818 99.871336888028 -0.128663111972
1006 0.000173923438 -25.263785959347 99.872066088421 -0.127933911579
1007 0.000174123438 -25.441355234007 99.872904041773 -0.127095958227
1008 0.000174323438 -25.516875863876 99.873846975004 -0.126153024996
1009 0.000174523438 -25.490455546300 99.874890711986 -0.125109288014
1010 0.000174723438 -25.362607597927 99.876030691786 -0.123969308214
1011 0.000174923438 -25.134247286342 99.877261988376 -0.122738011624
1012 0.000175123438 -24.806686575321 99.878579331714 -0.121420668286
1013 0.000175523438 -23.771340976056 99.881511291508 -0.118488708492
1014 0.000175923438 -22.378073338539 99.884689670651 -0.115310329349
1015 0.000176323438 -20.654469031230 99.888060538331 -0.111939461669
1016 0.000176723438 -18.632878950553 99.891567784358 -0.108432215642
1017 0.000177123438 -16.349834960611 99.895154036983 -0.104845963017
1018 0.000177523438 -13.845408732907 99.898761586087 -0.101238413913
1019 0.000177923438 -11.162524974060 99.902333297131 -0.097666702869
1020 0.000178323438 -8.346240574205 99.905813501611 -0.094186498389
1021 0.000178723438 -5.443001563288 99.909148850385 -0.090851149615
1022 0.000179523438 0.341182760135 99.914873872413 -0.085126127587
1023 0.000180323438 5.756586205331 99.919365885980 -0.080634114020
1024 0.000180723438 8.330916966145 99.921273144147 -0.078726855853
1025 0.000181123438 10.733450761661 99.922816971906 -0.077183028094
1026 0.000181523438 12.929072917415 99.923978799003 -0.076021200997
1027 0.000181923438 14.886480679748 99.924746362627 -0.075253637373
1028 0.000182323438 16.578615890303 99.925113800931 -0.074886199069
1029 0.000182723438 17.983024003076 99.925081644289 -0.074918355711
1030 0.000183123438 19.082134954112 99.924656706054 -0.075343293946
1031 0.000183523438 19.863462695221 99.923851876120 -0.076148123880
1032 0.000183923438 20.319721533950 99.922685822065 -0.077314177935
1033 0.000184323438 20.448858761220 99.921182604053 -0.078817395947
1034 0.000184723438 20.254004374228 99.919371210909 -0.080628789091
1035 0.000185123438 19.743339994720 99.917285025914 -0.082714974086
1036 0.000185523438 18.929890321825 99.914961231851 -0.085038768149
1037 0.000185923438 17.831241625571 99.912440165613 -0.087559834387
1038 0.000186323438 16.469192864771 99.909764633349 -0.090235366651
1039 0.000186723438 14.869345985633 99.906979197531 -0.093020802469
1040 0.000187123438 13.060642811508 99.904129447629 -0.095870552371
1041 0.000187523438 11.074856658113 99.901261266125 -0.098738733875
1042 0.000187923438 8.946047393014 99.898420101504 -0.101579898496
1043 0.000188323438 6.709989096058 99.895650259541 -0.104349740459
1044 0.000188723438 4.403579764302 99.892994223780 -0.107005776220
1045 0.000189523438 -0.196309881475 99.888429407291 -0.111570592709
1046 0.000190323438 -4.507436544398 99.884841357142 -0.115158642858
1047 0.000190723438 -6.558010687184 99.883315915120 -0.116684084880
1048 0.000191123438 -8.472967860949 99.882078833973 -0.117921166027
1049 0.000191523438 -10.224298900519 99.881145039314 -0.118854960686
1050 0.000191923438 -11.787012909806 99.880524446134 -0.119475553866
1051 0.000192323438 -13.139483087124 99.880221881785 -0.119778118215
1052 0.000192723438 -14.263734126754 99.880237090280 -0.119762909720
1053 0.000193123438 -15.145667593932 99.880564816553 -0.119435183447
1054 0.000193523438 -15.775222703909 99.881194968106 -0.118805031894
1055 0.000193923438 -16.146470993280 99.882112850254 -0.117887149746
1056 0.000194323438 -16.257644436463 99.883299470127 -0.116700529873
1057 0.000194723438 -16.111097615139 99.884731903539 -0.115268096461
1058 0.000195123438 -15.713205577159 99.886383717967 -0.113616282033
1059 0.000195523438 -15.074200008093 99.888225444081 -0.111774555919
1060 0.000195923438 -14.207947268475 99.890225087658 -0.109774912342
1061 0.000196323438 -13.131672708934 99.892348673156 -0.107651326844
1062 0.000196723438 -11.865636451637 99.894560809911 -0.105439190089
1063 0.000197123438 -10.432766508671 99.896825271674 -0.103174728326
1064 0.000197523438 -8.858255687052 99.899105580156 -0.100894419844
1065 0.000197923438 -7.169129198386 99.901365583334 -0.098634416666
1066 0.000198323438 -5.393790243274 99.903570019488 -0.096429980512
1067 0.000199123438 -1.732544287546 99.907504880727 -0.092495119273
1068 0.000199923438 1.812444968666 99.910757649745 -0.089242350255
1069 0.000200723438 5.035000877406 99.913173791221 -0.086826208779
1070 0.000201123438 6.541574314943 99.914156986083 -0.085843013917
1071 0.000201523438 7.921375882810 99.914903374698 -0.085096625302
1072 0.000201923438 9.154682468435 99.915404943354 -0.084595056646
1073 0.000202323438 10.224388725808 99.915657659349 -0.084342340651
1074 0.000202723438 11.116235069576 99.915661471645 -0.084338528355
1075 0.000203123438 11.818987266001 99.915420248831 -0.084579751169
1076 0.000203523438 12.324565557209 99.914941656345 -0.085058343655
1077 0.000203923438 12.628122082320 99.914236975863 -0.085763024137
1078 0.000204323438 12.728066192561 99.913320870593 -0.086679129407
1079 0.000204723438 12.626038084235 99.912211101044 -0.087788898956
1080 0.000205123438 12.326831980405 99.910928196514 -0.089071803486
1081 0.000205523438 11.838270867036 99.909495088163 -0.090504911837
1082 0.000205923438 11.171035520463 99.907936710072 -0.092063289928
1083 0.000206323438 10.338451239460 99.906279575056 -0.093720424944
1084 0.000206723438 9.356236307249 99.904551332325 -0.095448667675
1085 0.000207123438 8.242216747798 99.902780314222 -0.097219685778
1086 0.000207523438 7.016012399352 99.900995079374 -0.099004920626
1087 0.000207923438 5.698699700493 99.899223959479 -0.100776040521
1088 0.000208723438 2.880015410000 99.895947791166 -0.104052208834
1089 0.000209523438 0.057854744344 99.893118685241 -0.106881314759
1090 0.000210323438 -2.597863547554 99.890879851301 -0.109120148699
1091 0.000211123438 -4.937460415220 99.889330380578 -0.110669619422
1092 0.000211523438 -6.011058201152 99.888737463533 -0.111262536467
1093 0.000211923438 -6.973070671013 99.888332830123 -0.111667169877
1094 0.000212323438 -7.810112817753 99.888119879221 -0.111880120779
1095 0.000212723438 -8.510978471309 99.888098938144 -0.111901061856
1096 0.000213123438 -9.066782342104 99.888267305976 -0.111732694024
1097 0.000213523438 -9.471063281906 99.888619343895 -0.111380656105
1098 0.000213923438 -9.719847748391 99.889146610318 -0.110853389682
1099 0.000214323438 -9.811673102347 99.889838038048 -0.110161961952
1100 0.000214723438 -9.747571004704 99.890680149960 -0.109319850040
1101 0.000215123438 -9.531011804559 99.891657309228 -0.108342690772
1102 0.000215523438 -9.167811409478 99.892751999605 -0.107248000395
1103 0.000215923438 -8.666002696503 99.893945130865 -0.106054869135
1104 0.000216323438 -8.035674048092 99.895216364212 -0.104783635788
1105 0.000216723438 -7.288778074017 99.896544452206 -0.103455547794
1106 0.000217123438 -6.438914001338 99.897907587632 -0.102092412368
1107 0.000217523438 -5.501087574193 99.899283755674 -0.100716244326
1108 0.000218323438 -3.407561640301 99.901919572896 -0.098080427104
1109 0.000219123438 -1.235173995511 99.904287383070 -0.095712616930
1110 0.000219923438 0.880691508534 99.906260935556 -0.093739064444
1111 0.000220723438 2.816201376169 99.907745289747 -0.092254710253
1112 0.000221523438 4.465823699112 99.908680639114 -0.091319360886
1113 0.000222323438 5.747572340042 99.909043792234 -0.090956207766
1114 0.000222723438 6.287839708116 99.909081718770 -0.090918281230
1115 0.000223123438 6.720581927481 99.908977665477 -0.091022334523
1116 0.000223523438 7.040682906500 99.908735511565 -0.091264488435
1117 0.000223923438 7.244880763788 99.908361249313 -0.091638750687
1118 0.000224323438 7.331789918103 99.907862856380 -0.092137143620
1119 0.000224723438 7.301893288503 99.907250138858 -0.092749861142
1120 0.000225123438 7.157505199347 99.906534548028 -0.093465451972
1121 0.000225523438 6.902706036564 99.905728974096 -0.094271025904
1122 0.000225923438 6.543250129845 99.904847520538 -0.095152479462
1123 0.000226323438 6.086448733692 99.903905262899 -0.096094737101
1124 0.000227123438 4.861847671461 99.901905499802 -0.098094500198
1125 0.000227923438 3.418614318222 99.899917682832 -0.100082317168
1126 0.000228723438 1.856700685403 99.898060629248 -0.101939370752
1127 0.000229523438 0.277177492301 99.896438138958 -0.103561861042
1128 0.000230323438 -1.223911035925 99.895133656743 -0.104866343257
1129 0.000231123438 -2.561020103389 99.894206479919 -0.105793520081
1130 0.000231923438 -3.663616376102 99.893689646428 -0.106310353572
1131 0.000232723438 -4.479515638568 99.893589529184 -0.106410470816
1132 0.000233523438 -4.976916074592 99.893887058337 -0.106112941663
1133 0.000234323438 -5.145083437916 99.894540399925 -0.105459600075
1134 0.000235123438 -4.993728079530 99.895488842170 -0.104511157830
1135 0.000235923438 -4.551190056775 99.896657582976 -0.103342417024
1136 0.000236723438 -3.861613226976 99.897963076501 -0.102036923499
1137 0.000237523438 -2.981339133218 99.899318583603 -0.100681416397
1138 0.000238323438 -1.974784510511 99.900639580133 -0.099360419867
1139 0.000239123438 -0.910081407805 99.901848706396 -0.098151293604
1140 0.000240723438 0.970600092688 99.903417963842 -0.096582036158
1141 0.000241523438 1.795956583504 99.903955939913 -0.096044060087
1142 0.000242323438 2.463619519223 99.904229763250 -0.095770236750
1143 0.000243123438 2.942933953223 99.904238872161 -0.095761127839
1144 0.000243923438 3.216416921443 99.903998657260 -0.096001342740
1145 0.000244723438 3.280015691922 99.903538575480 -0.096461424520
1146 0.000245523438 3.142542843890 99.902899531763 -0.097100468237
1147 0.000246323438 2.824371710526 99.902130729977 -0.097869270023
1148 0.000247123438 2.355515167679 99.901286214387 -0.098713785613
1149 0.000247923438 1.773240428308 99.900421328285 -0.099578671715
1150 0.000248723438 1.119391212952 99.899589307733 -0.100410692267
1151 0.000250323438 -0.149770675000 99.898368995488 -0.101631004512
1152 0.000251923438 -1.129644600995 99.897750594846 -0.102249405154
1153 0.000252723438 -1.522151906834 99.897601405827 -0.102398594173
1154 0.000253523438 -1.799492505103 99.897611565296 -0.102388434704
1155 0.000254323438 -1.951922789087 99.897770867994 -0.102229132006
1156 0.000255123438 -1.977797240590 99.898060754451 -0.101939245549
1157 0.000255923438 -1.883179799004 99.898455930059 -0.101544069942
1158 0.000256723438 -1.681015024763 99.898926291671 -0.101073708329
1159 0.000257523438 -1.389935403551 99.899439027366 -0.100560972634
1160 0.000259123438 -0.643255090773 99.900390482902 -0.099609517098
1161 0.000260723438 0.082255920823 99.901089141970 -0.098910858030
1162 0.000262323438 0.643081309973 99.901444186295 -0.098555813705
1163 0.000263923438 0.958523277088 99.901453330680 -0.098546669320
1164 0.000265523438 1.014337690365 99.901185237583 -0.098814762417
1165 0.000267123438 0.852087238812 99.900751060668 -0.099248939332
1166 0.000268723438 0.549293993483 99.900273132201 -0.099726867799
1167 0.000270323438 0.196311471484 99.899857757010 -0.100142242990
1168 0.000273523438 -0.251759758500 99.899570815416 -0.100429184584
1169 0.000276723438 -0.345786355276 99.899697673523 -0.100302326477
1170 0.000279923438 -0.217341123066 99.899964801755 -0.100035198245
1171 0.000283123438 -0.043952723071 99.900166116250 -0.099833883750
1172 0.000289523438 0.059420435669 99.900193517426 -0.099806482574
1173 0.000295923438 0.031953939723 99.900125263647 -0.099874736353
1174 0.000302323438 0.000884622265 99.900093089764 -0.099906910236
1175 0.000315123438 -0.003523924049 99.900097685869 -0.099902314132
1176 0.000340723438 -0.000185643615 99.900101969809 -0.099898030191
1177 0.000391923438 0.000024667603 99.900101927918 -0.099898072082
1178 0.000494323438 0.000000424578 99.900101895019 -0.099898104981
1179 0.000699123438 -0.000000011456 99.900101895051 -0.099898104949
1180 0.001000000000 -0.000000000053 99.900101895067 -0.099898104933
